2 1 214 57 348 229 -1 -1 -1 -1 
2 2 11 112 71 219 -1 -1 -1 -1 
3 1 215 58 347 228 -1 -1 -1 -1 
3 2 10 112 68 219 -1 -1 -1 -1 
4 1 215 58 347 227 -1 -1 -1 -1 
4 2 10 112 67 218 -1 -1 -1 -1 
5 1 215 58 347 227 -1 -1 -1 -1 
5 2 10 112 67 218 -1 -1 -1 -1 
6 1 214 58 348 228 -1 -1 -1 -1 
6 2 8 114 63 220 -1 -1 -1 -1 
7 1 214 58 348 228 -1 -1 -1 -1 
7 2 7 115 62 220 -1 -1 -1 -1 
8 1 214 57 348 228 -1 -1 -1 -1 
8 2 7 115 61 220 -1 -1 -1 -1 
9 1 215 58 348 228 -1 -1 -1 -1 
9 2 4 117 61 229 -1 -1 -1 -1 
10 1 215 58 348 229 -1 -1 -1 -1 
10 2 3 118 60 233 -1 -1 -1 -1 
11 1 215 58 348 229 -1 -1 -1 -1 
11 2 7 117 60 225 -1 -1 -1 -1 
12 1 215 58 348 229 -1 -1 -1 -1 
12 2 9 116 60 222 -1 -1 -1 -1 
13 1 216 59 348 229 -1 -1 -1 -1 
13 2 7 117 58 224 -1 -1 -1 -1 
14 1 216 59 348 229 -1 -1 -1 -1 
14 2 7 118 57 225 -1 -1 -1 -1 
15 1 216 59 348 230 -1 -1 -1 -1 
15 2 7 118 57 226 -1 -1 -1 -1 
16 1 216 59 348 228 -1 -1 -1 -1 
16 2 2 118 59 244 -1 -1 -1 -1 
17 1 216 59 347 228 -1 -1 -1 -1 
17 2 1 118 59 251 -1 -1 -1 -1 
18 1 215 58 347 228 -1 -1 -1 -1 
18 2 0 118 59 254 -1 -1 -1 -1 
19 1 215 58 347 228 -1 -1 -1 -1 
19 2 1 118 59 255 -1 -1 -1 -1 
20 1 215 58 347 228 -1 -1 -1 -1 
20 2 1 118 58 255 -1 -1 -1 -1 
21 1 215 58 347 228 -1 -1 -1 -1 
21 2 6 118 57 240 -1 -1 -1 -1 
22 1 216 58 347 228 -1 -1 -1 -1 
22 2 9 118 56 234 -1 -1 -1 -1 
23 1 216 60 348 229 -1 -1 -1 -1 
23 2 7 117 57 240 -1 -1 -1 -1 
24 1 217 60 348 229 -1 -1 -1 -1 
24 2 7 117 58 243 -1 -1 -1 -1 
25 1 217 61 348 229 -1 -1 -1 -1 
25 2 7 117 57 244 -1 -1 -1 -1 
26 1 217 60 348 229 -1 -1 -1 -1 
26 2 16 115 60 229 -1 -1 -1 -1 
